512 511
514 59
515 57
519 15
520 17
9 8
526 122
527 125
528 113
529 127
18 8
19 8
532 124
536 10
717 608
551 16
7 331
556 51
178 166
189 188
563 11
521 96
570 495
572 56
574 72
576 79
577 75
580 76
70 68
584 68
585 69
588 490
589 62
590 65
591 552
592 477
593 523
594 74
595 66
596 631
598 492
197 167
606 375
3 335
187 185
614 613
104 103
105 103
618 445
619 429
530 126
622 604
623 604
624 221
531 103
116 115
117 115
628 361
617 445
634 449
637 518
638 633
639 607
641 357
643 642
132 128
193 191
652 651
653 651
654 651
655 651
656 651
657 651
658 651
147 146
660 659
661 659
151 146
664 663
665 663
666 663
667 663
669 668
670 668
671 668
672 668
112 109
674 673
710 708
678 446
129 124
680 679
681 679
682 679
171 166
684 683
685 683
174 166
175 166
176 166
177 166
690 689
179 166
692 691
695 694
184 181
697 696
186 185
699 698
700 698
701 698
704 703
705 703
194 167
707 706
196 167
709 708
198 180
199 180
712 711
201 181
202 180
203 182
204 182
205 182
206 181
207 182
720 719
209 208
210 208
733 723
621 339
737 736
228 227
195 167
231 230
232 230
233 230
747 746
748 746
749 746
750 746
751 447
752 448
808 58
754 607
755 608
756 618
757 641
297 295
760 448
298 295
172 166
770 764
721 758
772 771
261 250
775 759
777 764
266 238
111 109
782 759
759 447
274 236
276 238
792 6
793 370
794 312
795 311
284 283
797 331
802 72
803 590
503 75
296 295
809 565
810 518
299 293
300 294
303 295
304 295
305 295
306 295
51 552
812 494
567 55
332 7
347 6
368 367
744 739
377 375
401 146
403 155
406 405
407 225
408 285
410 405
99 583
420 223
426 150
427 133
428 144
432 608
433 432
192 191
253 239
442 154
509 8
445 649
160 156
457 456
458 456
459 456
162 142
811 517
466 213
468 467
110 109
476 121
478 118
479 118
80 79
482 131
483 86
484 74
485 69
486 62
487 582
491 97
173 166
497 120
499 119
500 586
169 168
504 75
506 53
170 166
510 8
